           Grids/Ang          Eigenvectors
          0.65906250          -0.00000000           0.00000000          -0.00000000          -0.00000001           0.00000004          -0.00000011           0.00000023           0.00000043 
          0.71812500           0.00000000          -0.00000000          -0.00000000           0.00000000          -0.00000003           0.00000011          -0.00000024          -0.00000043 
          0.77718750           0.00000014          -0.00000050          -0.00000134          -0.00000300           0.00000598          -0.00001092           0.00001852           0.00002954 
          0.83625000           0.00000824          -0.00002840          -0.00007139          -0.00015063           0.00028231          -0.00048462           0.00077652           0.00117573 
          0.89531250           0.00020825          -0.00066629          -0.00155583          -0.00305202           0.00532245          -0.00850908           0.01270776           0.01794801 
          0.95437500           0.00255852          -0.00744032          -0.01578579          -0.02812565           0.04453139          -0.06460757           0.08751931           0.11206840 
          1.01343750           0.01729754          -0.04441476          -0.08291627          -0.12946705           0.17879159          -0.22497198           0.26250154           0.28712836 
          1.07250000           0.07103817          -0.15436960          -0.24083826          -0.30906678           0.34283302          -0.33510927           0.28813101           0.21135743 
          1.13156250           0.19163327          -0.32941653          -0.38915695          -0.35022619           0.23069633          -0.07198960          -0.08071056          -0.19274755 
          1.19062500           0.36112013          -0.43352141          -0.29286090          -0.04689012          -0.17273474           0.28107578          -0.26144822          -0.14956155 
          1.24968750           0.49894256          -0.30563704           0.07181178           0.30299956          -0.27831413           0.08368350           0.12836159           0.24536383 
          1.30875000           0.52512634           0.02614625           0.35485801           0.21478034           0.10402398          -0.28076792           0.22020655           0.02168458 
          1.36781250           0.43404453           0.34367547           0.25527641          -0.18564931           0.30675357          -0.07253341          -0.19518370          -0.25994525 
          1.42687500           0.28880205           0.46756960          -0.10391042          -0.34164279          -0.00906292           0.28759922          -0.18156866           0.09856480 
          1.48593750           0.15788783           0.40062630          -0.38863000          -0.08032738          -0.32387500           0.11900786           0.22623462           0.23652096 
          1.54500000           0.07216092           0.25643643          -0.43822126           0.27776056          -0.19846004          -0.26461588           0.19909146          -0.15659111 
          1.60406250           0.02798812           0.13084877          -0.32537205           0.43183623           0.16949556          -0.26595831          -0.19494012          -0.24429000 
          1.66312500           0.00933518           0.05517149          -0.18335373           0.36935620           0.40215535           0.07533620          -0.29945557           0.12721567 
          1.72218750           0.00270973           0.01969291          -0.08332742           0.22783062           0.39456214           0.36131232          -0.00314163           0.31107303 
          1.78125000           0.00069188           0.00605897          -0.03162936           0.11082757           0.26448501           0.40616482           0.31560434           0.06821084 
          1.84031250           0.00015689           0.00163018          -0.01026832           0.04451356           0.13695728           0.29428673           0.40800814          -0.26756225 
          1.89937500           0.00003188           0.00038826          -0.00290271           0.01519998           0.05800399           0.16163054           0.31866100          -0.40254479 
          1.95843750           0.00000585           0.00008274          -0.00072492           0.00450674           0.02079387           0.07204316           0.18532662          -0.33892081 
          2.01750000           0.00000098           0.00001593          -0.00016191           0.00117938           0.00646175           0.02709553           0.08689649          -0.20874143 
          2.07656250           0.00000015           0.00000279          -0.00003268           0.00027610           0.00177207           0.00882669           0.03430225          -0.10303901 
          2.13562500           0.00000002           0.00000045          -0.00000602           0.00005846           0.00043514           0.00253876           0.01172637          -0.04274784 
          2.19468750           0.00000000           0.00000007          -0.00000102           0.00001132           0.00009676           0.00065474           0.00354281          -0.01536203 
          2.25375000           0.00000000           0.00000001          -0.00000016           0.00000201           0.00001974           0.00015314           0.00096127          -0.00488504 
          2.31281250           0.00000000           0.00000000          -0.00000002           0.00000034           0.00000368           0.00003295           0.00023698          -0.00139698 
          2.37187500           0.00000000          -0.00000000          -0.00000001           0.00000004           0.00000067           0.00000647           0.00005375          -0.00036281 
          2.43093750          -0.00000000           0.00000000           0.00000000           0.00000002           0.00000007           0.00000122           0.00001043          -0.00008026 
