           Grids/Ang        Potential/cm-1 Eigenvectors shifted
          0.66517241      240255.06705648        1258.21744766        3701.88729306        6070.12767499        8363.39462124       10581.79968323       12725.99157748 
          0.73034483      146221.37153160        1258.21745882        3701.88723599        6070.12785216        8363.39424122       10581.80007726       12725.99201579 
          0.79551724       87486.71916967        1258.21667490        3701.89032028        6070.11963230        8363.41294698       10581.76607071       12726.04855656 
          0.86068966       51138.28574345        1258.16870363        3702.06523739        6069.68568598        8364.34144787       10580.15479049       12728.65439746 
          0.92586207       28895.75198688        1257.04918912        3705.77661911        6061.31498133        8380.61941851       10554.49498268       12766.32335128 
          0.99103448       15488.53833700        1245.60234819        3739.05084974        5995.75550377        8491.50272903       10403.26313569       12957.19698574 
          1.05620690        7600.02811690        1187.09570482        3879.21777054        5772.59291481        8788.01194100       10099.01276109       13225.62333427 
          1.12137931        3165.05119171        1023.67075042        4162.47680222        5483.39145308        8962.39741363       10146.28763389       12942.36046707 
          1.18655172         912.16710735         764.43618733        4368.37450174        5584.28749309        8487.26522421       10810.03826026       12318.77211491 
          1.25172414          61.77607457         548.57844696        4158.97618195        6204.01305080        7858.72911509       11003.53150394       12623.36598468 
          1.31689655         134.89804195         525.11650856        3584.18127107        6642.96904389        8091.81425633       10332.41696861       13163.50804402 
          1.38206897         831.90445792         691.44406407        3094.34742735        6351.47966693        8793.45323155       10164.41209882       12669.94491755 
          1.44724138        1959.61166493         919.61226595        2991.41511878        5718.33624780        8834.55884593       10819.50876830       12282.32963620 
          1.51241379        3387.34419928        1097.75323796        3180.61260591        5382.14776161        8212.41109482       11083.86943884       12833.74666602 
          1.57758621        5022.01237804        1196.55851736        3422.38832624        5464.54093523        7717.90272253       10577.70876676       13217.36648693 
          1.64275862        6793.60837076        1238.63963514        3585.14585717        5710.90444492        7697.87275470       10036.17057929       12809.41122660 
          1.70793103        8647.03567667        1252.99427666        3662.44575195        5909.56485568        7935.00189856        9938.54253570       12254.37177384 
          1.77310345       10541.17774452        1257.02905970        3690.82104767        6013.00191488        8161.02060221       10139.67352377       12104.77043841 
          1.83827586       12446.70275046        1257.98381088        3699.25621446        6053.38681359        8288.17236042       10363.19175332       12275.90300891 
          1.90344828       14335.11777049        1258.17727385        3701.34834809        6065.98562881        8340.47678740       10497.37213955       12494.59716444 
          1.96862069       16183.33168140        1258.21134623        3701.79074614        6069.24559550        8357.50669720       10555.12681249       12633.41357151 
          2.03379310       17973.83424367        1258.21661949        3701.87199191        6069.96331611        8362.09142996       10574.69054780       12695.68665565 
          2.09896552       19693.34369793        1258.21735356        3701.88507925        6070.10063993        8363.14155565       10580.16393356       12717.60681558 
          2.16413793       21332.07803564        1258.21743903        3701.88700296        6070.12368943        8363.35084855       10581.46924212       12723.98179802 
          2.22931034       22883.24513466        1258.21745372        3701.88722107        6070.12725161        8363.38761081       10581.74011866       12725.56765648 
          2.29448276       24342.56854319        1258.21745071        3701.88727473        6070.12766350        8363.39348642       10581.79037454       12725.91043705 
          2.35965517       25707.86995279        1258.21745451        3701.88725614        6070.12777755        8363.39427887       10581.79839236       12725.97826191 
          2.42482759       26978.68967409        1258.21745079        3701.88727801        6070.12773148        8363.39442020       10581.79995085       12725.98857363 
