           Grids/Ang          Eigenvectors
          0.66517241          -0.00000000           0.00000002          -0.00000006           0.00000013          -0.00000020           0.00000010 
          0.73034483           0.00000000          -0.00000002           0.00000006          -0.00000012           0.00000007           0.00000041 
          0.79551724          -0.00000058           0.00000208          -0.00000545           0.00001191          -0.00002289           0.00003986 
          0.86068966          -0.00003623           0.00012135          -0.00029658           0.00060882          -0.00111096           0.00185838 
          0.92586207          -0.00086814           0.00265189          -0.00591227           0.01107352          -0.01843847           0.02814610 
          0.99103448          -0.00937434           0.02533939          -0.04989449           0.08235765          -0.12056205           0.16134952 
          1.05620690          -0.05285090           0.12090996          -0.19960870           0.27297607          -0.32601573           0.34867402 
          1.12137931          -0.17429273           0.31404559          -0.39362674           0.38508417          -0.29409204           0.15099568 
          1.18655172          -0.36693112           0.45443364          -0.32593811           0.07963347           0.15412437          -0.28418281 
          1.25172414          -0.52733599           0.31165875           0.08982030          -0.32443681           0.28478616          -0.07161838 
          1.31689655          -0.54477067          -0.08025595           0.38430492          -0.17459215          -0.16840293           0.30532613 
          1.38206897          -0.42117190          -0.41424130           0.18875197           0.27647414          -0.28185298          -0.03911272 
          1.44724138          -0.25161906          -0.48442405          -0.23600814           0.30289992           0.16051959          -0.30961462 
          1.51241379          -0.11924169          -0.35542277          -0.46154861          -0.09706343           0.33903662           0.07519826 
          1.57758621          -0.04581904          -0.19057187          -0.40627309          -0.41497060          -0.00276270           0.34291188 
          1.64275862          -0.01454837          -0.07959826          -0.24099396          -0.42784737          -0.36845170           0.05821549 
          1.70793103          -0.00388137          -0.02689256          -0.10771764          -0.27540293          -0.43437780          -0.32912535 
          1.77310345          -0.00088310          -0.00754532          -0.03832430          -0.13010111          -0.29855840          -0.43352641 
          1.83827586          -0.00017362          -0.00179394          -0.01123108          -0.04835840          -0.14762139          -0.31409952 
          1.90344828          -0.00002986          -0.00036745          -0.00277885          -0.01473318          -0.05701229          -0.16148122 
          1.96862069          -0.00000454          -0.00006581          -0.00059182          -0.00378507          -0.01801181          -0.06460655 
          2.03379310          -0.00000062          -0.00001041          -0.00011032          -0.00083766          -0.00480084          -0.02114855 
          2.09896552          -0.00000007          -0.00000149          -0.00001819          -0.00016256          -0.00110478          -0.00585130 
          2.16413793          -0.00000001          -0.00000018          -0.00000273          -0.00002801          -0.00022334          -0.00140245 
          2.22931034           0.00000000          -0.00000003          -0.00000034          -0.00000438          -0.00004042          -0.00029574 
          2.29448276          -0.00000000           0.00000001          -0.00000006          -0.00000060          -0.00000648          -0.00005652 
          2.35965517           0.00000000          -0.00000001           0.00000001          -0.00000009          -0.00000107          -0.00000919 
          2.42482759          -0.00000000           0.00000001          -0.00000002          -0.00000000          -0.00000002          -0.00000200 
