           Grids/Ang          Eigenvectors
          0.81465517           0.00000053          -0.00000215          -0.00000616          -0.00001452          -0.00002987          -0.00005538 
          0.82931034           0.00000163          -0.00000647          -0.00001830          -0.00004261          -0.00008662          -0.00015877 
          0.84396552           0.00000401          -0.00001563          -0.00004344          -0.00009942          -0.00019875          -0.00035846 
          0.85862069           0.00000929          -0.00003545          -0.00009654          -0.00021665          -0.00042494          -0.00075233 
          0.87327586           0.00002055          -0.00007673          -0.00020452          -0.00044936          -0.00086331          -0.00149787 
          0.88793103           0.00004369          -0.00015939          -0.00041524          -0.00089204          -0.00167631          -0.00284619 
          0.90258621           0.00008937          -0.00031818          -0.00080909          -0.00169712          -0.00311499          -0.00516786 
          0.91724138           0.00017613          -0.00061107          -0.00151460          -0.00309738          -0.00554418          -0.00897268 
          0.93189655           0.00033472          -0.00113009          -0.00272607          -0.00542634          -0.00945569          -0.01490057 
          0.94655172           0.00061402          -0.00201426          -0.00472095          -0.00913040          -0.01545858          -0.02366930 
          0.96120690           0.00108831          -0.00346301          -0.00787150          -0.01476139          -0.02422891          -0.03595776 
          0.97586207           0.00186552          -0.00574731          -0.01264355          -0.02293802          -0.03640650          -0.05221940 
          0.99051724           0.00309538          -0.00921435          -0.01957381          -0.03426498          -0.05243205          -0.07243583 
          1.00517241           0.00497596          -0.01428059          -0.02921780          -0.04920536          -0.07233615          -0.09585181 
          1.01982759           0.00775640          -0.02140809          -0.04206369          -0.06791272          -0.09551151          -0.12075976 
          1.03448276           0.01173343          -0.03106008          -0.05841412          -0.09004454          -0.12052338          -0.14442445 
          1.04913793           0.01723945          -0.04363471          -0.07824721          -0.11459474          -0.14502742          -0.16323469 
          1.06379310           0.02462054          -0.05938049          -0.10107850          -0.13979472          -0.16586434          -0.17313783 
          1.07844828           0.03420427          -0.07830198          -0.12585346          -0.16313372          -0.17937658          -0.17034559 
          1.09310345           0.04625896          -0.10007018          -0.15090520          -0.18153853          -0.18194817          -0.15221610 
          1.10775862           0.06094797          -0.12395454          -0.17400657          -0.19172297          -0.17070502          -0.11813023 
          1.12241379           0.07828478          -0.14879562          -0.19253557          -0.19068174          -0.14425408          -0.07013181 
          1.13706897           0.09809533          -0.17303248          -0.20375041          -0.17625797          -0.10329357          -0.01310367 
          1.15172414           0.11999493          -0.19479358          -0.20514952          -0.14768328          -0.05092334           0.04566877 
          1.16637931           0.14338485          -0.21204779          -0.19486559          -0.10597102           0.00747826           0.09756031 
          1.18103448           0.16747291          -0.22280307          -0.17203055          -0.05405816           0.06485927           0.13414159 
          1.19568966           0.19131724          -0.22532780          -0.13704159           0.00337202           0.11352120           0.14888582 
          1.21034483           0.21389086          -0.21836551          -0.09167150           0.06039234           0.14640007           0.13866118 
          1.22500000           0.23415966          -0.20131044          -0.03898861           0.11059864           0.15835574           0.10463554 
          1.23965517           0.25116555          -0.17431693           0.01691522           0.14802047           0.14720129           0.05233470 
          1.25431034           0.26410456          -0.13832444           0.07135577           0.16801899           0.11424416          -0.00921469 
          1.26896552           0.27239102          -0.09499279           0.11958545           0.16801144           0.06420732          -0.06910903 
          1.28362069           0.27570059          -0.04655621           0.15734110           0.14789188           0.00452853          -0.11662339 
          1.29827586           0.27398789           0.00438423           0.18132899           0.11007415          -0.05583424          -0.14325924 
          1.31293103           0.26747840           0.05510102           0.18957812           0.05915469          -0.10786157          -0.14434669 
          1.32758621           0.25663664           0.10298265           0.18161637           0.00126024          -0.14391841          -0.11987115 
          1.34224138           0.24211666           0.14574866           0.15845518          -0.05680102          -0.15892291          -0.07437557 
          1.35689655           0.22470077           0.18161419           0.12239793          -0.10844080          -0.15104195          -0.01599509 
          1.37155172           0.20523476           0.20939060           0.07671300          -0.14810223          -0.12182025           0.04513808 
          1.38620690           0.18456572           0.22851751           0.02522723          -0.17186768          -0.07576259           0.09876821 
          1.40086207           0.16348851           0.23903227          -0.02809923          -0.17779382          -0.01948645           0.13628887 
          1.41551724           0.14270422           0.24148835          -0.07956144          -0.16595610           0.03937332           0.15209135 
          1.43017241           0.12279264           0.23683966          -0.12601938          -0.13823250           0.09330428           0.14428193 
          1.44482759           0.10419857           0.22630816          -0.16510360          -0.09789139           0.13591567           0.11470534 
          1.45948276           0.08723050           0.21125136          -0.19531010          -0.04906773           0.16266119           0.06834975 
          1.47413793           0.07206944           0.19304275          -0.21599255           0.00378615           0.17121506           0.01231114 
          1.48879310           0.05878476           0.17297433          -0.22727193           0.05640016           0.16149756          -0.04545132 
          1.50344828           0.04735432           0.15218587          -0.22988953           0.10508240           0.13540193          -0.09733652 
          1.51810345           0.03768619           0.13162159          -0.22503070           0.14698208           0.09631068          -0.13710802 
          1.53275862           0.02963978           0.11201197          -0.21414439           0.18021372           0.04850476          -0.16056344 
          1.54741379           0.02304499           0.09387623          -0.19877775           0.20385646          -0.00343584          -0.16582048 
          1.56206897           0.01771828           0.07754022          -0.18043936           0.21785504          -0.05516011          -0.15324363 
          1.57672414           0.01347540           0.06316409          -0.16049752           0.22285534          -0.10294964          -0.12508622 
          1.59137931           0.01014061           0.05077487          -0.14011497           0.22000766          -0.14397373          -0.08495146 
          1.60603448           0.00755289           0.04029981          -0.12021676           0.21076643          -0.17639674          -0.03718083 
          1.62068966           0.00556942           0.03159756          -0.10148567           0.19670840          -0.19935809           0.01373407 
          1.63534483           0.00406698           0.02448525          -0.08437808           0.17938343          -0.21285628           0.06364520 
          1.65000000           0.00294180           0.01876058          -0.06915306           0.16020442          -0.21757283           0.10910512 
          1.66465517           0.00210836           0.01421857          -0.05590862           0.14037705          -0.21466992           0.14757383 
          1.67931034           0.00149754           0.01066353          -0.04461955           0.12086517          -0.20559027           0.17748470 
          1.69396552           0.00105442           0.00791659          -0.03517350           0.10238535          -0.19187953           0.19819484 
          1.70862069           0.00073613           0.00581992          -0.02740253           0.08542276          -0.17504351           0.20985305 
          1.72327586           0.00050969           0.00423816          -0.02110916           0.07026085          -0.15644532           0.21322032 
          1.73793103           0.00035008           0.00305812          -0.01608642           0.05701804          -0.13724149           0.20947412 
          1.75258621           0.00023857           0.00218714          -0.01213234           0.04568622          -0.11835230           0.20002132 
          1.76724138           0.00016135           0.00155084          -0.00905944           0.03616714          -0.10045949           0.18633651 
          1.78189655           0.00010831           0.00109053          -0.00670029           0.02830440          -0.08402348           0.16983544 
          1.79655172           0.00007219           0.00076069          -0.00490993           0.02190969          -0.06931293           0.15178600 
          1.81120690           0.00004778           0.00052648          -0.00356607           0.01678314          -0.05644031           0.13325518 
          1.82586207           0.00003140           0.00036163          -0.00256789           0.01272801          -0.04539863           0.11508652 
          1.84051724           0.00002051           0.00024657          -0.00183384           0.00956046          -0.03609584           0.09790151 
          1.85517241           0.00001330           0.00016693          -0.00129918           0.00711535          -0.02838491           0.08211775 
          1.86982759           0.00000858           0.00011223          -0.00091331           0.00524893          -0.02208846           0.06797732 
          1.88448276           0.00000550           0.00007495          -0.00063726           0.00383926          -0.01701775           0.05557992 
          1.89913793           0.00000350           0.00004973          -0.00044144           0.00278527          -0.01298649           0.04491656 
          1.91379310           0.00000222           0.00003279          -0.00030366           0.00200474          -0.00982006           0.03590086 
          1.92844828           0.00000140           0.00002148          -0.00020747           0.00143201          -0.00736097           0.02839625 
          1.94310345           0.00000087           0.00001399          -0.00014082           0.00101542          -0.00547154           0.02223820 
          1.95775862           0.00000054           0.00000906          -0.00009498           0.00071493          -0.00403443           0.01725146 
          1.97241379           0.00000034           0.00000584          -0.00006367           0.00049994          -0.00295182           0.01326260 
          1.98706897           0.00000021           0.00000374          -0.00004242           0.00034729          -0.00214367           0.01010837 
          2.00172414           0.00000013           0.00000238          -0.00002810           0.00023971          -0.00154564           0.00764091 
          2.01637931           0.00000008           0.00000151          -0.00001851           0.00016444          -0.00110677           0.00573020 
          2.03103448           0.00000005           0.00000095          -0.00001213           0.00011213          -0.00078724           0.00426477 
          2.04568966           0.00000003           0.00000060          -0.00000791           0.00007602          -0.00055637           0.00315103 
          2.06034483           0.00000002           0.00000037          -0.00000513           0.00005125          -0.00039077           0.00231187 
          2.07500000           0.00000001           0.00000023          -0.00000331           0.00003436          -0.00027282           0.00168479 
          2.08965517           0.00000001           0.00000014          -0.00000212           0.00002292          -0.00018937           0.00121986 
          2.10431034           0.00000000           0.00000009          -0.00000136           0.00001521          -0.00013071           0.00087771 
          2.11896552           0.00000000           0.00000005          -0.00000086           0.00001004          -0.00008974           0.00062774 
          2.13362069           0.00000000           0.00000003          -0.00000055           0.00000660          -0.00006128           0.00044635 
          2.14827586           0.00000000           0.00000002          -0.00000034           0.00000432          -0.00004164           0.00031560 
          2.16293103           0.00000000           0.00000001          -0.00000022           0.00000281          -0.00002816           0.00022195 
          2.17758621           0.00000000           0.00000001          -0.00000014           0.00000182          -0.00001895           0.00015527 
          2.19224138           0.00000000           0.00000000          -0.00000008           0.00000118          -0.00001269           0.00010807 
          2.20689655           0.00000000           0.00000000          -0.00000005           0.00000076          -0.00000846           0.00007486 
          2.22155172           0.00000000           0.00000000          -0.00000003           0.00000048          -0.00000562           0.00005161 
          2.23620690           0.00000000           0.00000000          -0.00000002           0.00000031          -0.00000372           0.00003541 
          2.25086207           0.00000000           0.00000000          -0.00000001           0.00000020          -0.00000245           0.00002420 
          2.26551724           0.00000000           0.00000000          -0.00000001           0.00000012          -0.00000161           0.00001646 
          2.28017241           0.00000000           0.00000000          -0.00000000           0.00000008          -0.00000105           0.00001115 
          2.29482759           0.00000000           0.00000000          -0.00000000           0.00000005          -0.00000068           0.00000752 
          2.30948276          -0.00000000           0.00000000          -0.00000000           0.00000003          -0.00000044           0.00000506 
          2.32413793           0.00000000           0.00000000          -0.00000000           0.00000002          -0.00000029           0.00000339 
          2.33879310          -0.00000000           0.00000000          -0.00000000           0.00000001          -0.00000018           0.00000226 
          2.35344828           0.00000000           0.00000000          -0.00000000           0.00000001          -0.00000012           0.00000150 
          2.36810345          -0.00000000           0.00000000          -0.00000000           0.00000000          -0.00000008           0.00000099 
          2.38275862           0.00000000           0.00000000          -0.00000000           0.00000000          -0.00000005           0.00000066 
          2.39741379          -0.00000000           0.00000000          -0.00000000           0.00000000          -0.00000003           0.00000043 
          2.41206897           0.00000000          -0.00000000          -0.00000000           0.00000000          -0.00000002           0.00000028 
          2.42672414          -0.00000000           0.00000000          -0.00000000           0.00000000          -0.00000001           0.00000018 
          2.44137931           0.00000000          -0.00000000          -0.00000000           0.00000000          -0.00000001           0.00000012 
          2.45603448          -0.00000000           0.00000000           0.00000000           0.00000000          -0.00000000           0.00000007 
          2.47068966           0.00000000          -0.00000000          -0.00000000           0.00000000          -0.00000000           0.00000004 
          2.48534483          -0.00000000           0.00000000           0.00000000           0.00000000          -0.00000000           0.00000002 
